Volume fraction, pore size
0.439092 146.395465
0.000034 15.412918
0.000023 12.879355
0.000023 11.595444
0.000068 25.408576
0.000385 39.505943
0.000057 22.871561
0.000023 8.996828
0.000057 20.565192
0.000249 39.150005
0.000023 11.595740
0.000023 10.709680
0.000090 30.575778
0.000090 30.475555
0.000023 10.268604
0.000023 10.590297
0.000023 10.629728
0.000023 10.139948
0.000249 38.974729
0.000260 38.962944
0.000023 10.459777
0.000057 23.211648
0.000102 33.174343
0.000079 28.075299
0.000034 12.794382
0.000034 12.708732
0.000023 10.197272
0.000023 10.837071
0.000057 20.362427
0.000057 20.339691
0.000238 39.051953
0.000023 12.721202
0.000023 10.196460
0.000023 10.270514
0.000079 26.209417
0.000034 12.851238
0.000023 11.508015
0.000045 17.870028
0.000215 39.302186
0.000023 12.401196
0.000034 13.116413
0.000034 14.001813
0.000023 9.765868
0.000023 12.757374
0.000045 17.869778
0.000045 16.648048
0.000045 17.909543
0.000034 15.246664
0.000023 10.465337
0.000023 11.074016
0.000113 35.856706
0.000023 12.750062
0.000260 38.843193
0.000068 24.240184
0.000034 14.040497
0.000045 19.177165
0.000034 14.844648
0.000023 12.742552
0.000023 11.490364
0.000260 39.064409
0.000034 14.363456
0.000181 39.235697
0.000023 10.143339
0.000090 30.588872
0.000102 33.217831
0.000034 12.934843
0.000057 20.462964
0.000023 11.636771
0.000260 38.798255
0.000045 15.147110
0.000023 12.790955
0.000147 39.145146
0.000090 32.077623
0.000023 11.443938
0.000023 12.854868
0.000023 11.478998
0.000057 22.538484
0.000023 11.300612
0.000215 38.690902
0.000023 10.207801
