Volume fraction, pore size
0.000035 10.226086
0.000035 10.420311
0.000035 10.333351
0.000035 12.724660
0.000035 11.391134
0.000035 12.189941
0.000035 10.229099
0.000035 12.692298
0.000035 10.397764
0.000035 12.944183
0.000035 9.274872
0.000035 10.208134
0.000035 12.957646
0.000035 10.747120
0.000035 76.275996
0.000035 10.688809
0.000035 12.879166
0.000035 10.133405
0.000035 12.745813
0.000035 10.179919
0.000035 10.177540
0.000035 12.660923
0.000035 75.579347
0.000035 75.263289
0.000035 75.438797
0.000035 75.899240
0.000035 75.550032
0.000035 10.308877
0.000035 10.217072
0.000035 11.073984
0.000035 9.869745
0.000035 10.236948
0.000053 12.093153
0.000053 11.666191
0.000053 11.747702
0.000053 15.530429
0.000053 16.618070
0.000053 11.119480
0.000053 15.299521
0.000053 11.674446
0.000053 12.802906
0.000053 15.299931
0.000053 15.318354
0.000053 76.166887
0.000053 15.329934
0.000053 12.940449
0.000053 75.574118
0.000053 15.189339
0.000070 15.626301
0.000070 17.763892
0.000070 17.870972
0.000070 17.803420
0.000070 17.877216
0.000070 18.894344
0.000070 16.777196
0.000070 76.058393
0.000070 17.916077
0.000070 19.112367
0.000088 20.616196
0.000088 76.118430
0.000088 21.620292
0.000088 18.000523
0.000088 21.077961
0.000106 75.879916
0.000106 23.111101
0.000106 25.514999
0.000123 28.110475
0.000123 75.783848
0.000123 22.451317
0.000123 25.366369
0.000123 26.096390
0.000141 31.889801
0.000141 31.850483
0.000141 74.065020
0.000158 75.174512
0.000158 33.212772
0.000176 35.771086
0.000194 38.097531
0.000194 35.796311
0.000211 75.480413
0.000299 61.223055
0.000334 65.052842
0.000352 75.522157
0.000370 76.053924
0.000387 75.832701
0.000387 75.525518
0.000387 76.330805
0.000405 76.197415
0.000405 75.888005
0.000405 76.126519
0.000405 75.563685
0.000405 76.502523
0.000651 76.737061
0.000757 76.559146
0.000809 76.817354
0.002129 76.862113
